cell_rhs : 0 0 0 0 0 0 0 0 0 0 0 0 0 0 0 0 0 0 0 0 0 0 0 0
system_rhs : -4 -4 0 4 -4 0 -4 4 0 4 4 0 -4 -4 0 4 -4 0 -4 4 0 4 4 0
cell_matrix :  9.273e+02  6.739e+02  6.739e+02 -8.985e+02  6.595e+02  6.595e+02  4.492e+02 -6.595e+02  3.369e+02 -4.564e+02 -6.739e+02  3.297e+02  4.492e+02  3.369e+02 -6.595e+02 -4.564e+02  3.297e+02 -6.739e+02  2.174e+02 -3.297e+02 -3.297e+02 -2.318e+02 -3.369e+02 -3.369e+02 
 6.739e+02  9.273e+02  6.739e+02 -6.595e+02  4.492e+02  3.369e+02  6.595e+02 -8.985e+02  6.595e+02 -6.739e+02 -4.564e+02  3.297e+02  3.369e+02  4.492e+02 -6.595e+02 -3.297e+02  2.174e+02 -3.297e+02  3.297e+02 -4.564e+02 -6.739e+02 -3.369e+02 -2.318e+02 -3.369e+02 
 6.739e+02  6.739e+02  9.273e+02 -6.595e+02  3.369e+02  4.492e+02  3.369e+02 -6.595e+02  4.492e+02 -3.297e+02 -3.297e+02  2.174e+02  6.595e+02  6.595e+02 -8.985e+02 -6.739e+02  3.297e+02 -4.564e+02  3.297e+02 -6.739e+02 -4.564e+02 -3.369e+02 -3.369e+02 -2.318e+02 
-8.985e+02 -6.595e+02 -6.595e+02  9.273e+02 -6.739e+02 -6.739e+02 -4.564e+02  6.739e+02 -3.297e+02  4.492e+02  6.595e+02 -3.369e+02 -4.564e+02 -3.297e+02  6.739e+02  4.492e+02 -3.369e+02  6.595e+02 -2.318e+02  3.369e+02  3.369e+02  2.174e+02  3.297e+02  3.297e+02 
 6.595e+02  4.492e+02  3.369e+02 -6.739e+02  9.273e+02  6.739e+02  6.739e+02 -4.564e+02  3.297e+02 -6.595e+02 -8.985e+02  6.595e+02  3.297e+02  2.174e+02 -3.297e+02 -3.369e+02  4.492e+02 -6.595e+02  3.369e+02 -2.318e+02 -3.369e+02 -3.297e+02 -4.564e+02 -6.739e+02 
 6.595e+02  3.369e+02  4.492e+02 -6.739e+02  6.739e+02  9.273e+02  3.297e+02 -3.297e+02  2.174e+02 -3.369e+02 -6.595e+02  4.492e+02  6.739e+02  3.297e+02 -4.564e+02 -6.595e+02  6.595e+02 -8.985e+02  3.369e+02 -3.369e+02 -2.318e+02 -3.297e+02 -6.739e+02 -4.564e+02 
 4.492e+02  6.595e+02  3.369e+02 -4.564e+02  6.739e+02  3.297e+02  9.273e+02 -6.739e+02  6.739e+02 -8.985e+02 -6.595e+02  6.595e+02  2.174e+02  3.297e+02 -3.297e+02 -2.318e+02  3.369e+02 -3.369e+02  4.492e+02 -3.369e+02 -6.595e+02 -4.564e+02 -3.297e+02 -6.739e+02 
-6.595e+02 -8.985e+02 -6.595e+02  6.739e+02 -4.564e+02 -3.297e+02 -6.739e+02  9.273e+02 -6.739e+02  6.595e+02  4.492e+02 -3.369e+02 -3.297e+02 -4.564e+02  6.739e+02  3.369e+02 -2.318e+02  3.369e+02 -3.369e+02  4.492e+02  6.595e+02  3.297e+02  2.174e+02  3.297e+02 
 3.369e+02  6.595e+02  4.492e+02 -3.297e+02  3.297e+02  2.174e+02  6.739e+02 -6.739e+02  9.273e+02 -6.595e+02 -3.369e+02  4.492e+02  3.297e+02  6.739e+02 -4.564e+02 -3.369e+02  3.369e+02 -2.318e+02  6.595e+02 -6.595e+02 -8.985e+02 -6.739e+02 -3.297e+02 -4.564e+02 
-4.564e+02 -6.739e+02 -3.297e+02  4.492e+02 -6.595e+02 -3.369e+02 -8.985e+02  6.595e+02 -6.595e+02  9.273e+02  6.739e+02 -6.739e+02 -2.318e+02 -3.369e+02  3.369e+02  2.174e+02 -3.297e+02  3.297e+02 -4.564e+02  3.297e+02  6.739e+02  4.492e+02  3.369e+02  6.595e+02 
-6.739e+02 -4.564e+02 -3.297e+02  6.595e+02 -8.985e+02 -6.595e+02 -6.595e+02  4.492e+02 -3.369e+02  6.739e+02  9.273e+02 -6.739e+02 -3.369e+02 -2.318e+02  3.369e+02  3.297e+02 -4.564e+02  6.739e+02 -3.297e+02  2.174e+02  3.297e+02  3.369e+02  4.492e+02  6.595e+02 
 3.297e+02  3.297e+02  2.174e+02 -3.369e+02  6.595e+02  4.492e+02  6.595e+02 -3.369e+02  4.492e+02 -6.739e+02 -6.739e+02  9.273e+02  3.369e+02  3.369e+02 -2.318e+02 -3.297e+02  6.739e+02 -4.564e+02  6.739e+02 -3.297e+02 -4.564e+02 -6.595e+02 -6.595e+02 -8.985e+02 
 4.492e+02  3.369e+02  6.595e+02 -4.564e+02  3.297e+02  6.739e+02  2.174e+02 -3.297e+02  3.297e+02 -2.318e+02 -3.369e+02  3.369e+02  9.273e+02  6.739e+02 -6.739e+02 -8.985e+02  6.595e+02 -6.595e+02  4.492e+02 -6.595e+02 -3.369e+02 -4.564e+02 -6.739e+02 -3.297e+02 
 3.369e+02  4.492e+02  6.595e+02 -3.297e+02  2.174e+02  3.297e+02  3.297e+02 -4.564e+02  6.739e+02 -3.369e+02 -2.318e+02  3.369e+02  6.739e+02  9.273e+02 -6.739e+02 -6.595e+02  4.492e+02 -3.369e+02  6.595e+02 -8.985e+02 -6.595e+02 -6.739e+02 -4.564e+02 -3.297e+02 
-6.595e+02 -6.595e+02 -8.985e+02  6.739e+02 -3.297e+02 -4.564e+02 -3.297e+02  6.739e+02 -4.564e+02  3.369e+02  3.369e+02 -2.318e+02 -6.739e+02 -6.739e+02  9.273e+02  6.595e+02 -3.369e+02  4.492e+02 -3.369e+02  6.595e+02  4.492e+02  3.297e+02  3.297e+02  2.174e+02 
-4.564e+02 -3.297e+02 -6.739e+02  4.492e+02 -3.369e+02 -6.595e+02 -2.318e+02  3.369e+02 -3.369e+02  2.174e+02  3.297e+02 -3.297e+02 -8.985e+02 -6.595e+02  6.595e+02  9.273e+02 -6.739e+02  6.739e+02 -4.564e+02  6.739e+02  3.297e+02  4.492e+02  6.595e+02  3.369e+02 
 3.297e+02  2.174e+02  3.297e+02 -3.369e+02  4.492e+02  6.595e+02  3.369e+02 -2.318e+02  3.369e+02 -3.297e+02 -4.564e+02  6.739e+02  6.595e+02  4.492e+02 -3.369e+02 -6.739e+02  9.273e+02 -6.739e+02  6.739e+02 -4.564e+02 -3.297e+02 -6.595e+02 -8.985e+02 -6.595e+02 
-6.739e+02 -3.297e+02 -4.564e+02  6.595e+02 -6.595e+02 -8.985e+02 -3.369e+02  3.369e+02 -2.318e+02  3.297e+02  6.739e+02 -4.564e+02 -6.595e+02 -3.369e+02  4.492e+02  6.739e+02 -6.739e+02  9.273e+02 -3.297e+02  3.297e+02  2.174e+02  3.369e+02  6.595e+02  4.492e+02 
 2.174e+02  3.297e+02  3.297e+02 -2.318e+02  3.369e+02  3.369e+02  4.492e+02 -3.369e+02  6.595e+02 -4.564e+02 -3.297e+02  6.739e+02  4.492e+02  6.595e+02 -3.369e+02 -4.564e+02  6.739e+02 -3.297e+02  9.273e+02 -6.739e+02 -6.739e+02 -8.985e+02 -6.595e+02 -6.595e+02 
-3.297e+02 -4.564e+02 -6.739e+02  3.369e+02 -2.318e+02 -3.369e+02 -3.369e+02  4.492e+02 -6.595e+02  3.297e+02  2.174e+02 -3.297e+02 -6.595e+02 -8.985e+02  6.595e+02  6.739e+02 -4.564e+02  3.297e+02 -6.739e+02  9.273e+02  6.739e+02  6.595e+02  4.492e+02  3.369e+02 
-3.297e+02 -6.739e+02 -4.564e+02  3.369e+02 -3.369e+02 -2.318e+02 -6.595e+02  6.595e+02 -8.985e+02  6.739e+02  3.297e+02 -4.564e+02 -3.369e+02 -6.595e+02  4.492e+02  3.297e+02 -3.297e+02  2.174e+02 -6.739e+02  6.739e+02  9.273e+02  6.595e+02  3.369e+02  4.492e+02 
-2.318e+02 -3.369e+02 -3.369e+02  2.174e+02 -3.297e+02 -3.297e+02 -4.564e+02  3.297e+02 -6.739e+02  4.492e+02  3.369e+02 -6.595e+02 -4.564e+02 -6.739e+02  3.297e+02  4.492e+02 -6.595e+02  3.369e+02 -8.985e+02  6.595e+02  6.595e+02  9.273e+02  6.739e+02  6.739e+02 
-3.369e+02 -2.318e+02 -3.369e+02  3.297e+02 -4.564e+02 -6.739e+02 -3.297e+02  2.174e+02 -3.297e+02  3.369e+02  4.492e+02 -6.595e+02 -6.739e+02 -4.564e+02  3.297e+02  6.595e+02 -8.985e+02  6.595e+02 -6.595e+02  4.492e+02  3.369e+02  6.739e+02  9.273e+02  6.739e+02 
-3.369e+02 -3.369e+02 -2.318e+02  3.297e+02 -6.739e+02 -4.564e+02 -6.739e+02  3.297e+02 -4.564e+02  6.595e+02  6.595e+02 -8.985e+02 -3.297e+02 -3.297e+02  2.174e+02  3.369e+02 -6.595e+02  4.492e+02 -6.595e+02  3.369e+02  4.492e+02  6.739e+02  6.739e+02  9.273e+02 

system_matrix :  9.273e+02  6.739e+02  0.000e+00 -8.985e+02  6.595e+02  0.000e+00  4.492e+02 -6.595e+02  0.000e+00 -4.564e+02 -6.739e+02  0.000e+00  4.492e+02  3.369e+02  0.000e+00 -4.564e+02  3.297e+02  0.000e+00  2.174e+02 -3.297e+02  0.000e+00 -2.318e+02 -3.369e+02  0.000e+00 
 6.739e+02  9.273e+02  0.000e+00 -6.595e+02  4.492e+02  0.000e+00  6.595e+02 -8.985e+02  0.000e+00 -6.739e+02 -4.564e+02  0.000e+00  3.369e+02  4.492e+02  0.000e+00 -3.297e+02  2.174e+02  0.000e+00  3.297e+02 -4.564e+02  0.000e+00 -3.369e+02 -2.318e+02  0.000e+00 
 0.000e+00  0.000e+00  9.273e+02  0.000e+00  0.000e+00  0.000e+00  0.000e+00  0.000e+00  0.000e+00  0.000e+00  0.000e+00  0.000e+00  0.000e+00  0.000e+00  0.000e+00  0.000e+00  0.000e+00  0.000e+00  0.000e+00  0.000e+00  0.000e+00  0.000e+00  0.000e+00  0.000e+00 
-8.985e+02 -6.595e+02  0.000e+00  9.273e+02 -6.739e+02  0.000e+00 -4.564e+02  6.739e+02  0.000e+00  4.492e+02  6.595e+02  0.000e+00 -4.564e+02 -3.297e+02  0.000e+00  4.492e+02 -3.369e+02  0.000e+00 -2.318e+02  3.369e+02  0.000e+00  2.174e+02  3.297e+02  0.000e+00 
 6.595e+02  4.492e+02  0.000e+00 -6.739e+02  9.273e+02  0.000e+00  6.739e+02 -4.564e+02  0.000e+00 -6.595e+02 -8.985e+02  0.000e+00  3.297e+02  2.174e+02  0.000e+00 -3.369e+02  4.492e+02  0.000e+00  3.369e+02 -2.318e+02  0.000e+00 -3.297e+02 -4.564e+02  0.000e+00 
 0.000e+00  0.000e+00  0.000e+00  0.000e+00  0.000e+00  9.273e+02  0.000e+00  0.000e+00  0.000e+00  0.000e+00  0.000e+00  0.000e+00  0.000e+00  0.000e+00  0.000e+00  0.000e+00  0.000e+00  0.000e+00  0.000e+00  0.000e+00  0.000e+00  0.000e+00  0.000e+00  0.000e+00 
 4.492e+02  6.595e+02  0.000e+00 -4.564e+02  6.739e+02  0.000e+00  9.273e+02 -6.739e+02  0.000e+00 -8.985e+02 -6.595e+02  0.000e+00  2.174e+02  3.297e+02  0.000e+00 -2.318e+02  3.369e+02  0.000e+00  4.492e+02 -3.369e+02  0.000e+00 -4.564e+02 -3.297e+02  0.000e+00 
-6.595e+02 -8.985e+02  0.000e+00  6.739e+02 -4.564e+02  0.000e+00 -6.739e+02  9.273e+02  0.000e+00  6.595e+02  4.492e+02  0.000e+00 -3.297e+02 -4.564e+02  0.000e+00  3.369e+02 -2.318e+02  0.000e+00 -3.369e+02  4.492e+02  0.000e+00  3.297e+02  2.174e+02  0.000e+00 
 0.000e+00  0.000e+00  0.000e+00  0.000e+00  0.000e+00  0.000e+00  0.000e+00  0.000e+00  9.273e+02  0.000e+00  0.000e+00  0.000e+00  0.000e+00  0.000e+00  0.000e+00  0.000e+00  0.000e+00  0.000e+00  0.000e+00  0.000e+00  0.000e+00  0.000e+00  0.000e+00  0.000e+00 
-4.564e+02 -6.739e+02  0.000e+00  4.492e+02 -6.595e+02  0.000e+00 -8.985e+02  6.595e+02  0.000e+00  9.273e+02  6.739e+02  0.000e+00 -2.318e+02 -3.369e+02  0.000e+00  2.174e+02 -3.297e+02  0.000e+00 -4.564e+02  3.297e+02  0.000e+00  4.492e+02  3.369e+02  0.000e+00 
-6.739e+02 -4.564e+02  0.000e+00  6.595e+02 -8.985e+02  0.000e+00 -6.595e+02  4.492e+02  0.000e+00  6.739e+02  9.273e+02  0.000e+00 -3.369e+02 -2.318e+02  0.000e+00  3.297e+02 -4.564e+02  0.000e+00 -3.297e+02  2.174e+02  0.000e+00  3.369e+02  4.492e+02  0.000e+00 
 0.000e+00  0.000e+00  0.000e+00  0.000e+00  0.000e+00  0.000e+00  0.000e+00  0.000e+00  0.000e+00  0.000e+00  0.000e+00  9.273e+02  0.000e+00  0.000e+00  0.000e+00  0.000e+00  0.000e+00  0.000e+00  0.000e+00  0.000e+00  0.000e+00  0.000e+00  0.000e+00  0.000e+00 
 4.492e+02  3.369e+02  0.000e+00 -4.564e+02  3.297e+02  0.000e+00  2.174e+02 -3.297e+02  0.000e+00 -2.318e+02 -3.369e+02  0.000e+00  9.273e+02  6.739e+02  0.000e+00 -8.985e+02  6.595e+02  0.000e+00  4.492e+02 -6.595e+02  0.000e+00 -4.564e+02 -6.739e+02  0.000e+00 
 3.369e+02  4.492e+02  0.000e+00 -3.297e+02  2.174e+02  0.000e+00  3.297e+02 -4.564e+02  0.000e+00 -3.369e+02 -2.318e+02  0.000e+00  6.739e+02  9.273e+02  0.000e+00 -6.595e+02  4.492e+02  0.000e+00  6.595e+02 -8.985e+02  0.000e+00 -6.739e+02 -4.564e+02  0.000e+00 
 0.000e+00  0.000e+00  0.000e+00  0.000e+00  0.000e+00  0.000e+00  0.000e+00  0.000e+00  0.000e+00  0.000e+00  0.000e+00  0.000e+00  0.000e+00  0.000e+00  9.273e+02  0.000e+00  0.000e+00  0.000e+00  0.000e+00  0.000e+00  0.000e+00  0.000e+00  0.000e+00  0.000e+00 
-4.564e+02 -3.297e+02  0.000e+00  4.492e+02 -3.369e+02  0.000e+00 -2.318e+02  3.369e+02  0.000e+00  2.174e+02  3.297e+02  0.000e+00 -8.985e+02 -6.595e+02  0.000e+00  9.273e+02 -6.739e+02  0.000e+00 -4.564e+02  6.739e+02  0.000e+00  4.492e+02  6.595e+02  0.000e+00 
 3.297e+02  2.174e+02  0.000e+00 -3.369e+02  4.492e+02  0.000e+00  3.369e+02 -2.318e+02  0.000e+00 -3.297e+02 -4.564e+02  0.000e+00  6.595e+02  4.492e+02  0.000e+00 -6.739e+02  9.273e+02  0.000e+00  6.739e+02 -4.564e+02  0.000e+00 -6.595e+02 -8.985e+02  0.000e+00 
 0.000e+00  0.000e+00  0.000e+00  0.000e+00  0.000e+00  0.000e+00  0.000e+00  0.000e+00  0.000e+00  0.000e+00  0.000e+00  0.000e+00  0.000e+00  0.000e+00  0.000e+00  0.000e+00  0.000e+00  9.273e+02  0.000e+00  0.000e+00  0.000e+00  0.000e+00  0.000e+00  0.000e+00 
 2.174e+02  3.297e+02  0.000e+00 -2.318e+02  3.369e+02  0.000e+00  4.492e+02 -3.369e+02  0.000e+00 -4.564e+02 -3.297e+02  0.000e+00  4.492e+02  6.595e+02  0.000e+00 -4.564e+02  6.739e+02  0.000e+00  9.273e+02 -6.739e+02  0.000e+00 -8.985e+02 -6.595e+02  0.000e+00 
-3.297e+02 -4.564e+02  0.000e+00  3.369e+02 -2.318e+02  0.000e+00 -3.369e+02  4.492e+02  0.000e+00  3.297e+02  2.174e+02  0.000e+00 -6.595e+02 -8.985e+02  0.000e+00  6.739e+02 -4.564e+02  0.000e+00 -6.739e+02  9.273e+02  0.000e+00  6.595e+02  4.492e+02  0.000e+00 
 0.000e+00  0.000e+00  0.000e+00  0.000e+00  0.000e+00  0.000e+00  0.000e+00  0.000e+00  0.000e+00  0.000e+00  0.000e+00  0.000e+00  0.000e+00  0.000e+00  0.000e+00  0.000e+00  0.000e+00  0.000e+00  0.000e+00  0.000e+00  9.273e+02  0.000e+00  0.000e+00  0.000e+00 
-2.318e+02 -3.369e+02  0.000e+00  2.174e+02 -3.297e+02  0.000e+00 -4.564e+02  3.297e+02  0.000e+00  4.492e+02  3.369e+02  0.000e+00 -4.564e+02 -6.739e+02  0.000e+00  4.492e+02 -6.595e+02  0.000e+00 -8.985e+02  6.595e+02  0.000e+00  9.273e+02  6.739e+02  0.000e+00 
-3.369e+02 -2.318e+02  0.000e+00  3.297e+02 -4.564e+02  0.000e+00 -3.297e+02  2.174e+02  0.000e+00  3.369e+02  4.492e+02  0.000e+00 -6.739e+02 -4.564e+02  0.000e+00  6.595e+02 -8.985e+02  0.000e+00 -6.595e+02  4.492e+02  0.000e+00  6.739e+02  9.273e+02  0.000e+00 
 0.000e+00  0.000e+00  0.000e+00  0.000e+00  0.000e+00  0.000e+00  0.000e+00  0.000e+00  0.000e+00  0.000e+00  0.000e+00  0.000e+00  0.000e+00  0.000e+00  0.000e+00  0.000e+00  0.000e+00  0.000e+00  0.000e+00  0.000e+00  0.000e+00  0.000e+00  0.000e+00  9.273e+02 
